0 0 0 0 0 0 0 0 0 0 0 0 0 0 0 0 0 0 0 0 0 -5 -5 -5 
0 0 0 0 0 0 0 0 0 0 0 0 0 0 0 0 0 0 0 0 0 -5 -5 -5 
0 0 0 0 0 0 0 0 0 0 0 0 0 0 0 0 0 0 0 0 0 -5 -5 -5 
0 0 0 0 0 0 0 0 0 0 0 0 0 0 0 0 0 0 0 0 -5 -5 -5 -5 
0 0 0 0 0 0 0 0 0 0 0 0 0 0 0 0 0 0 0 0 -5 -5 -5 -5 
0 0 0 0 0 0 0 0 0 0 0 0 0 0 0 0 0 0 0 -5 -5 -5 -5 -5 
0 0 0 0 0 0 0 0 0 0 0 0 0 0 0 0 0 0 0 -5 -5 -5 -5 -5 
0 0 0 0 0 0 0 0 0 0 0 0 0 0 0 0 0 0 -5 -5 -5 -5 -5 -5 
0 0 0 0 0 0 0 0 0 0 0 0 0 0 0 0 -9 -9 -9 -9 -9 -9 -9 -9999 
0 0 0 0 0 0 0 0 0 0 0 0 0 0 0 0 0 0 -5 -5 -5 -5 -5 -5 
0 0 0 0 0 0 0 0 0 0 -1 0 0 0 0 0 0 0 -5 -5 -5 -5 -5 -5 
0 0 0 0 0 0 0 0 0 0 0 0 0 0 0 0 0 0 -5 -5 -5 -5 -5 -5 
0 0 0 0 0 0 0 0 0 0 0 0 0 0 0 0 0 0 0 -5 -5 -5 -5 -5 
-5 0 0 0 0 0 0 0 0 0 0 0 0 0 0 0 0 0 0 0 -5 -5 -5 -5 
-5 -5 0 0 0 0 0 0 0 0 0 0 0 0 0 0 0 0 0 0 -5 -5 -5 -5 
-5 -5 -5 0 0 0 0 0 0 0 0 0 0 0 0 0 0 0 0 0 0 -5 -5 -5 
-5 -5 -5 -5 0 0 0 0 0 0 0 0 0 0 0 0 0 0 0 0 0 0 0 0 
-5 -5 -5 -5 0 0 0 0 0 0 0 0 0 0 0 0 0 0 0 0 0 0 0 0 
-5 -5 -5 -5 0 0 0 0 0 0 0 0 0 0 0 0 0 0 0 0 0 0 0 0 
-5 -5 -5 -5 0 0 0 0 0 0 0 0 0 0 0 0 0 0 0 0 0 0 0 0 
-5 -5 -5 -5 0 0 0 0 0 0 0 0 0 0 0 0 0 0 0 0 0 0 0 0 
-5 -5 -5 -5 0 0 0 0 0 0 0 0 0 0 0 0 0 0 0 0 0 0 0 0 
-5 -5 -5 -5 0 0 0 0 0 0 0 0 0 0 0 0 0 0 0 0 0 0 0 0 
-5 -5 -5 -5 0 0 0 0 0 0 0 0 0 0 0 0 0 0 0 0 0 0 0 0 
