-5 -5 -5 -5 -5 -5 -9 -9999 -9 -5 -5 -5 -5 -5 -5 -5 -5 -5 -5 -5 -5 -5 -5 -5 
-5 -5 -5 -5 -5 -5 -9 -9 -9 -5 -5 -5 -5 -5 -5 -5 -10000 -5 -5 -5 -5 -5 -9 -9 
-5 -5 -5 -5 -5 -5 -5 -9 -5 -5 -5 -5 -5 -5 -5 -5 -9 -5 -5 -9 -9 -9 -9 -9999 
-5 -5 -5 -5 -5 -5 -5 -9 -5 -5 -5 -5 -5 -5 -5 -5 -9 -9 -9 -9 -5 -5 -9 -9 
-5 -5 -5 -5 -5 -5 -5 -9 -5 -5 -5 -5 -5 -5 -5 -5 -5 -5 -5 -5 -5 -5 -5 -5 
-5 -5 -5 -5 -5 -5 -5 -9 -5 -5 -5 -5 -5 -5 -5 -5 -5 -5 -5 -5 -5 -5 -5 -5 
-5 -5 -5 -5 -5 -5 -5 -9 -5 -5 -5 -5 -5 -5 -5 -5 -5 -5 -5 -5 -5 -5 -5 -5 
-5 -5 -5 -5 -5 -5 -5 -9 -5 -5 -5 -5 -5 -5 -5 -5 -5 -5 -5 -5 -5 -5 -5 -5 
-5 -5 -5 -5 -5 -5 -5 -9 -5 -5 -5 -5 -5 -5 -5 -5 -5 -5 -5 -5 -5 -5 -5 -5 
-5 -5 -5 -5 -5 -5 -5 -9 -5 -5 -5 -5 -5 -5 -5 -5 -5 -5 -5 -5 -5 -5 -5 -5 
-5 -5 -5 -5 -5 -5 -5 -9 -5 -5 -5 -5 -5 -5 -5 -5 -5 -5 -5 -5 -5 -5 -5 -5 
-5 -5 -5 -5 -5 -5 -5 -9 -5 -5 -5 -5 -5 -5 -5 -5 -5 -5 -5 -5 -5 -5 -5 -5 
-5 -5 -5 -5 -5 -5 -5 -9 -5 -5 -5 -5 -5 -5 -5 -5 -5 -5 -5 -5 -5 -5 -5 -5 
-5 -5 -5 -5 -5 -5 -5 -9 -9 -9 -9 -9 -9 -9 -5 -5 -5 -5 -5 -5 -5 -5 -5 -5 
-5 -5 -5 -5 -5 -5 -5 -5 -5 -5 -5 -5 -5 -9 -5 -5 -5 -5 -5 -5 -5 -5 -5 -5 
-5 -5 -5 -5 -5 -5 -5 -5 -5 -5 -5 -5 -5 -9 -5 -5 -5 -5 -5 -5 -5 -5 -5 -5 
-5 -5 -5 -5 -5 -5 -5 -5 -5 -5 -5 -5 -5 -9 -5 -5 -5 -5 -5 -5 -5 -5 -9 -9 
-5 -5 -5 -5 -5 -5 -5 -5 -5 -5 -5 -5 -5 -9 -9 -9 -9 -9 -9 -9 -9 -9 -9 -9999 
-5 -5 -5 -5 -5 -5 -5 -5 -5 -5 -5 -5 -5 -5 -5 -5 -5 -5 -5 -5 -5 -5 -9 -9 
-5 -5 -5 -5 -5 -5 -5 -5 -5 -5 -5 -5 -5 -5 -5 -5 -5 -5 -5 -5 -5 -5 -5 -5 
-5 -5 -5 -5 -5 -5 -5 -5 -5 -5 -5 -5 -5 -5 -5 -5 -5 -5 -5 -5 -5 -5 -5 -5 
-5 -5 -5 -5 -5 -5 -5 -5 -5 -5 -5 -5 -5 -5 -5 -5 -5 -5 -5 -5 -5 -5 -5 -5 
-5 -5 -5 -5 -5 -5 -5 -5 -5 -5 -5 -5 -5 -5 -5 -5 -5 -5 -5 -5 -5 -5 -5 -5 
-5 -5 -5 -5 -5 -5 -5 -5 -5 -5 -5 -5 -5 -5 -5 -5 -5 -5 -5 -5 -5 -5 -5 -5 
